#Spectroscopic redshift catalogue from Noirot et al.
#See Table B1 in Noirot et al. for a description of catalogue entries 
ID RA DEC FLUX_F435W FLUXERR_F435W FLUX_F606W FLUXERR_F606W FLUX_F814W FLUXERR_F814W FLUX_F090W FLUXERR_F090W FLUX_F150W FLUXERR_F150W FLUX_F200W FLUXERR_F200W FLUX_F277W FLUXERR_F277W FLUX_F356W FLUXERR_F356W FLUX_F444W FLUXERR_F444W Z_GRISM ZERR_GRISM Q_FLAG Z_SPEC REF_SPEC FLAG_MERGE_GRISM FLAG_MERGE_SPEC MU
244 110.79571704494859 -73.47856597807495 730.7288741718628 60.332949245918044 3767.4909825005616 34.17903585651165 8127.877607388433 39.890539282096825 "" "" "" "" "" "" "" "" "" "" "" "" 0.3941152303557494 0.0020760411940208834 1 "" "" False False 1.00666231789436
311 110.82778964307958 -73.4746373293258 283.08548067849307 146.9037903631735 3667.3783305817833 63.9754969234219 8301.88388565967 89.35420563810416 11326.548851764239 29.369762138637174 19625.740223669003 27.63246081843746 22930.481049065147 18.463217850382126 20229.10373761887 10.821424240111208 12422.155079645263 9.194128210424685 9781.04603024064 11.625461019333653 0.3963960420470626 0.0012667509661793697 1 "" "" False False 1.0108805280224018
329 110.80348014837284 -73.47405613986629 263.16415268833674 59.11207540028645 572.2620717150847 27.075369033559227 1212.7281770834256 35.64876775313313 1473.5659008594157 11.79114819697007 2604.455012180808 10.896802332648702 3098.869254361891 7.1357694028811975 3555.9973048086013 4.353686107578908 3097.011166919561 3.9600057381379052 2296.009196175813 4.879738352840538 0.7387617323245874 0.0006336676674200681 1 "" "" False False 1.2685255917941982
343 110.79912557420919 -73.47301472993938 187.9618869069895 67.55902876103312 180.76848153018153 31.129447057114646 404.4835820515869 47.164551451796946 483.05407310817446 12.312901032960156 660.6107217471141 11.766112918118578 706.0877501202478 7.086408827559706 633.1081988576651 4.170381997991918 464.30732720229145 3.861632081070521 309.7374817780009 5.29993865155035 0.8225804068606664 0.0016664310373855074 2 "" "" False False 1.3213189701052055
367 110.84062084680696 -73.47170557931817 -119.66149641103566 108.7104345669499 111.00552374604024 25.324413439902727 173.77567070410092 39.28594494565016 229.2115080978829 10.93182008639402 715.0091055124277 10.528252058365556 759.6229534847577 6.391135884903775 825.4455364819546 3.672719132618899 869.0900098122772 3.4348353916648438 921.652281329919 4.576476027173337 2.118172158303012 0.003046237224795023 1 "" "" False False 1.6910199092846476
370 110.83660476670373 -73.47163287868655 286.0683240284035 54.11406509461794 279.171271026193 23.149271993959758 524.4063333068563 31.49758775259231 532.7330067044987 7.978857182114735 654.7486448053363 7.666455656955615 646.51414148956 4.653728711401371 659.7975314171586 2.926388980984357 528.7877157197568 2.658091488799668 371.5720706576301 3.5151919996081933 0.7477085555826688 0.5423236665116145 2 "" "" True False 1.3352773869480934
376 110.79517784667321 -73.47135388050543 290.2125101110831 77.79342706406695 540.5658658817047 35.20474484658001 883.7124271701308 47.16962123385911 1202.6072898800187 14.613859628570093 2780.926936916614 14.014946855655866 3406.4563671884794 8.942681525961483 3717.4884592395647 5.266653407364755 4276.07946756443 4.992860941573076 4761.532631862996 6.419772740708406 1.9661361630836198 0.0016852087739302182 1 "" "" True False 1.6114860413816465
387 110.79647336312186 -73.47057459703875 -25.10797655323507 60.21831719775514 111.96393610204008 27.719644213790705 285.00360279695343 36.26920866846449 457.28791735640095 10.297986344259426 1537.1534290300945 9.990736352805376 2748.001850041957 6.6354814732912795 3980.1993164257547 4.560163602078519 5510.084569496267 4.578248928015189 6961.359369831052 5.748317927650644 1.969664915497152 0.0005318674486235464 1 "" "" False False 1.6541819339718615
389 110.84717629362581 -73.4703829387237 1148.2450387133267 115.85590242020723 1257.6873897667328 56.70584309064665 1035.392339788252 67.32072624972199 1542.9058431335868 20.012047517464325 3641.1435284289523 18.946201771939506 4243.059889272356 11.865887235167987 4172.645166897083 6.823099864750683 4296.611251290574 6.348244570405546 4499.560881100248 8.375834422944434 1.953916344598067 0.0022420676003395146 2 "" "" False False 1.7381959328985395
402 110.82995124726676 -73.46992842234536 40.259614813893485 33.22631002868133 98.36516796765918 14.272210387714527 70.93462303028801 19.83829477261914 157.74846095069057 4.919227443427114 294.96595478507686 4.746024096895141 297.8877104729577 3.0305322424933188 322.15328081765455 1.8325285821662942 332.1015211734651 1.6810948995529853 328.44525100071434 2.237133578015251 1.383246244445284 0.1709443981106915 2 "" "" False False 1.6814670447891238
406 110.82903450396778 -73.4692722215267 707.776141638698 91.89557815236775 3343.430837176661 42.46742095604337 8625.74494972366 57.34643617835189 10875.115310198673 15.737145465847838 22652.702296534208 16.38930356371416 27560.490102904023 12.287485226097305 25544.111241847473 8.473745935118261 15838.452039907595 6.401833870532104 12665.530517766812 7.03777386400839 0.3968593400107172 0.0007405499830192008 1 "" "" False False 1.0290053280149358
407 110.85890345705529 -73.4693007430972 415.7514738951172 101.4904945301489 3504.0263122795277 46.001691581922415 8344.594330746942 64.87975994325157 10340.4619635338 26.279881171915875 20560.984198447095 23.2616363533629 24434.279085070604 18.63316601475924 23556.56948221625 10.238056425168105 14603.624627170586 7.98518214506008 11560.075161985005 9.065060192103534 0.4075889893763096 0.0019781379609047633 1 "" "" False False 1.0751005098703004
418 110.8271004244593 -73.46899908146399 13.59641004718765 38.054191330828814 83.12762108283619 16.32698027013272 222.8018078660876 22.242076120969116 317.9799149020686 5.837011492957969 658.6433943929916 5.677173059186246 747.6249140533727 3.4846901675534228 873.8397068100928 2.243184114498599 940.5446907910803 2.065430284213596 860.5009920284857 2.615156373286993 1.225645025279957 0.002183181195705486 2 "" "" False False 1.6593485427311934
446 110.83216846018689 -73.46750496994443 69.95630669024031 90.166574646887 285.34216613462473 39.58147777774083 347.3404377247069 52.694351452781056 672.9738710564242 13.035853632625187 1379.6833971192702 12.492477978569008 1401.6376936851889 7.631936309355449 1525.4577602030051 4.7974539234161675 1474.5202672608723 4.514774034793913 1461.9339144977857 5.870308404812883 1.419868193263683 0.0024698214406440044 2 "" "" False False 1.8535325552161752
454 110.77942971809505 -73.46718585121323 -15.612106656547205 64.51030048342474 66.55231559128154 28.2601479692947 71.02679362411372 38.62791257695023 136.53166391177183 17.737907543515732 906.325064518596 13.735361869524633 1665.7525379063413 10.352737307181055 3100.570928936345 6.017646854133469 3988.497641475117 5.967030834297773 5295.80764256059 7.540640275579544 2.047640538854209 0.0033076715636408682 2 "" "" False False 1.7944437665680943
455 110.81092234512644 -73.46685947546976 921.7972691262443 138.04006248402735 6210.587754646747 66.39112778516025 15006.77214647452 84.4838052084125 19771.329137157296 23.456582665034823 41012.06414026412 24.061096958122445 49724.49054237021 17.47443876214454 45450.63898043311 12.206726743993242 27832.53342242231 9.530504407366898 22268.034212413364 10.432872081884202 0.3940764799473624 0.0010146448227891791 1 "" "" False False 1.0314389804775943
456 110.86869859694282 -73.46720670308731 -38.91827573767388 41.042311657366376 270.72143117570744 18.29144029331476 263.88519381998145 26.68750154083479 330.0763083475451 9.304648993473307 643.7024928461785 7.592141525533661 796.4838477582991 5.419773411690392 793.077869208139 2.6460413859259053 948.7424308230702 2.497609559665645 1036.0289973881843 3.2368775908420453 2.573569496105178 0.0011944292904564335 2 "" "" False False 2.0245927726618107
459 110.78336042719887 -73.46685296099028 449.5601458316517 49.81930123574072 512.6659543334612 21.755491865736673 1068.7209553681248 30.442054039894458 1271.0059354961672 9.77276770474739 1682.8583411910847 9.188841169572989 1903.7942590505918 5.960559289747587 2040.7604665356776 3.4879301485720484 1956.1914944329524 3.212063772286362 1447.4130977628279 3.9420573848167737 0.9116981546411169 0.0006503512213449358 2 "" "" False False 1.515719215209648
475 110.8798398575732 -73.46581597151065 6.702684631673554 76.51330602492241 106.67969235892485 32.50377242882522 375.32646550178146 46.99495729413018 514.6146057317329 20.213195379074865 5540.086878724977 17.44674968979031 7988.176870035905 13.943932685358641 10938.0774568201 9.790688942477917 13211.58364032279 9.80712444360097 15398.432092940855 11.338493052851598 1.993701783996881 0.0022652501151130267 1 "" "" False False 1.9698403995100848
477 110.87110610443358 -73.46571987382744 201.33688457083286 39.87084923915949 208.19143596039072 17.558345962372112 288.4132627421238 25.337853042510154 324.42243514763186 7.353108456350621 544.8723889945273 6.951992568805311 561.7346496442351 4.300047789666755 571.4604549549445 2.502633976264375 563.9091801991922 2.3127363066046436 505.8758776267957 3.0033356491573184 "" "" -99 1.244 nirspec False False 1.8117962385744923
483 110.85278183170958 -73.46533756725955 91.14637631714393 49.96824658066429 258.5108742529678 22.289507804748567 238.23481716815144 35.29215770945875 236.53047743551417 9.076913874609314 764.9156944671638 8.629960309494999 801.3824690293714 5.354849451352329 836.6623014228267 2.7061908720783374 823.6802628894486 2.4958364140258165 859.6668540727655 3.279391533731442 1.982576065953644 0.0019095194926690429 1 "" "" False False 2.295131190504243
484 110.87636528005493 -73.46522625384799 166.55655485303373 35.23986718629497 353.7285630478211 16.18269766331948 311.66227724673405 22.646624872843194 309.71676496153776 6.585360873845833 451.2735226749124 6.1806061906290966 569.8193963577038 4.2835956607930665 494.4069929059107 2.237397164059177 438.8190844544275 2.048098314978136 465.5613723711149 2.716902452487177 2.8132009880603 0.0008596196759105279 2 "" "" False False 2.220630274281723
485 110.82044961620107 -73.46519610367164 843.1853914291305 67.608168669499 1925.8289176199519 33.60448302367736 3017.4956332500888 40.77977363254493 3493.1108079784503 11.121201785549161 5200.374539849238 10.578950357112012 5779.68560325399 7.038394608089354 5179.11255009747 4.37559551502925 3392.535945918904 3.7156322918546687 2857.407772071019 4.659219500889761 0.3957755809057734 0.0031663095147067277 1 "" "" False False 1.0187359627885653
493 110.8080686466759 -73.46486923926663 94.35325482053075 35.89975162501569 105.67929468325941 15.866432483620965 201.67909545110686 20.612919836737365 205.59731125562152 5.479237284392339 367.7710801114492 5.234802718772303 383.88512809345707 3.23475709118267 389.5406449828795 2.009728316198797 373.89079301675434 1.8406080643792049 353.8856579306412 2.416063033316626 1.371294584663571 0.002608001069441479 2 "" "" False False 2.0624483905489805
497 110.78183640848727 -73.46472004474799 593.4644134088102 56.42552476430575 465.8506401233801 25.13061456183504 886.810099603287 34.38748458827564 1000.7807359908271 12.376404086865433 1143.753470666107 10.513624328861688 1203.4902139672638 7.145320448040837 1303.4531392500892 3.6118162264809732 1202.939701278264 3.3470602924661814 885.3119232552109 4.344563987845763 0.9127246980654425 0.0004781667427133929 2 "" "" False False 1.6152539462157318
500 110.82345120193342 -73.4647130300697 248.49757950321083 49.28048009773432 301.75030731739326 22.219799421735132 353.1290540566947 28.23017276739743 446.49122634037076 7.2841001896567255 691.5986230172809 7.022488568737805 760.9015815847426 4.3321252802744175 836.058756474401 2.6994649166160647 848.7137124711934 2.4813746080109302 881.0814935426786 3.2556031411094124 1.562601495121401 0.002101072157576933 2 "" "" False False 2.2711960334827768
502 110.86762178182842 -73.46413940580166 178.99410295373127 154.20375224350414 4011.37209152246 68.71911067519059 9577.534028987458 97.68266900683152 13635.932791232372 24.310927825342088 27478.13111365229 24.031593819249828 32953.88756863013 16.381646202106644 29371.594185695063 10.354580714068534 17775.07335625923 8.731630905497763 14041.29086306767 10.642089100258882 0.3919872728145548 0.0014582975448379498 1 "" "" False False 1.0096359818429945
506 110.83032864495507 -73.4640415086145 992.1621528983308 91.68675473727862 4186.980955884166 42.41543619681204 10001.074022043926 57.11814193195177 12493.53148657576 16.138648910781985 25071.985923177057 16.82857641135152 30061.56815509444 12.760724426474345 27480.092741071938 8.416406310042758 16939.42418072861 6.366048969191869 13662.485436845274 6.961488882961455 0.3938388618149619 0.0007909904717788574 1 "" "" False False 1.016166712191584
507 110.81779005068768 -73.46418880935057 172.75863057440966 31.8123672329147 223.79136239751304 14.427181660652554 292.5221767341193 17.988253550541625 366.60075140182073 4.846493434082877 498.2572077802328 4.5886936203930535 502.7669107711502 2.893479458315426 517.5704520287367 1.8125358814259078 519.1318121648823 1.6534319006259535 443.14409971229264 2.1032848263136494 1.134769373528304 0.001871199132495005 2 "" "" False False 2.070430687045115
516 110.78395560753738 -73.46354402090947 83.10171482648235 49.77726084078529 170.49738475895077 22.788695216782987 300.33791096500084 29.827457215594592 445.9557546557746 8.127634602335988 1148.9446101644191 7.851645241246498 1318.895431730082 5.032403512174731 1632.4392225609938 2.9769741599243797 1753.400796163203 2.7500509970706646 1856.0143775004099 3.5673508017006053 1.472889957052505 0.000883292844918504 2 "" "" False False 2.042137818758893
522 110.8488737641484 -73.46306924281954 868.3897099586595 102.21709519333614 2896.094706489579 46.41641542695101 7139.550168112158 127.43395719040144 8903.536245840687 20.526264043485572 17596.285120519144 19.817347798070575 20666.966288389 14.340082523714077 18819.25446845972 7.754651767230937 11702.336614013164 6.074639356634952 9225.909920647882 7.100099599981188 0.4066343398441331 0.0018235959701644322 1 "" "" False False 1.0480711778216107
524 110.80996505312577 -73.4631197718573 317.7553305018345 49.14969307604883 593.0690387232456 22.48651781669767 1200.6668611571658 28.70956513394688 1491.5784503540938 7.769916798397948 3014.516188783487 7.748249222710895 3791.4640941303096 5.360322620514868 4386.438672992628 3.557876931532589 3414.426324720607 3.0395518308389033 2579.0334888590323 3.5091290361793934 0.597242827524959 0.0008486436788253116 2 "" "" False False 1.467560211259066
533 110.84971600324765 -73.4626022381909 283.58806958664513 53.07301993772316 458.6522698127499 25.092567988531357 669.2207966079205 58.65504766784577 765.93105004147 9.722679143761434 990.5133322119187 9.15507535286811 1037.6378465289763 5.866598781832835 854.7542071197314 2.945353540041222 552.23921404115 2.562279682067964 440.4035634069112 3.380935798713501 0.3228944058363484 0.0005377822946903976 1 0.32170000672340393 muse False False 1.0
534 110.7724486073474 -73.46239335301945 307.828816754765 103.46034387766437 1159.690263191489 48.54774836279726 1469.9700079293268 62.55061144799795 1652.2724913203506 23.279123941032122 1653.059996785493 19.284079342271227 1869.8247520387656 13.295762133905782 1865.7637575169958 6.490984433249445 1559.530016876623 6.008356889933222 1177.6107972258042 8.113651560290338 0.7280232058829859 0.0013596188562296394 2 "" "" True False 1.4974196387350918
539 110.86529278065584 -73.46212075708111 270.82152764144354 74.51117538669399 2943.0376619017375 34.612602719894454 7193.748074972779 48.356779282447135 9084.179391663136 13.401479255019957 19459.64274409189 14.292457419427151 23864.706384941648 11.14480220526802 22187.206825121404 8.22414752511352 13749.805220522514 5.87084824481207 11092.95694849497 6.111045632560664 0.3970949336308772 0.0011426110688265712 1 "" "" False False 1.0310952451561706
541 110.76894166033864 -73.46184546080067 912.6960365583184 171.43985894376553 8917.596229028713 81.26476669737563 22621.083677292754 107.482331690457 28755.900070923846 38.22345135663133 60921.99313516338 35.922859119420224 74220.520750695 27.961971898362442 72337.49151862516 23.94537375884437 44695.003038910516 17.755356923298258 36019.81709370285 19.251488501673034 0.3945321210977121 0.0010162855224827017 1 "" "" False False 1.040664299381611
545 110.78800938139416 -73.46182361621227 -58.22942677382544 59.5391829273798 66.57402728026804 26.924331391570703 175.3685845150935 36.035087167232504 214.96092914117983 10.96855578736664 339.0611320124414 10.40175493306052 401.89334254575306 6.41868027171639 723.3765248503079 3.280314099162418 773.3156119118096 3.01159750271958 892.5813577705782 4.0337858807321805 "" "" -99 5.275 nirspec False False 3.2833451814841252
560 110.77605341221195 -73.46124873539648 185.0199085525155 59.403414175753426 190.3906277629786 26.813429753150064 139.51793717175318 35.530287964871235 231.15409303803793 8.54529545957316 446.81523015542456 8.04725833094034 452.4800807756354 5.025862734521805 502.723924116229 3.2576384830612137 501.7682739471552 2.9719045008246336 472.1894513339345 3.9948943517747884 1.474462595537207 0.0018348404963300924 2 "" "" False False 2.218495594316111
562 110.78514993314707 -73.46098534191502 149.14230725547438 64.9208747706792 1156.6631856960985 30.598876007838545 2359.2773122514604 38.481544446685504 3134.2446007553826 12.745856165337951 5681.742976678766 12.208014596616742 6713.137784508292 8.807733560646323 6038.0762519124155 4.49198565453433 3743.35942990792 3.749332966776409 2984.514423154867 4.576440470051905 0.381321880546681 0.0024578811921026067 1 "" "" False False 1.0
566 110.8902029494251 -73.46052516827284 398.84845283119694 119.64685637095099 1180.354470375278 55.45090844508451 2564.5524901477334 75.97985348429174 3716.0077575839878 18.503638431589618 9685.831806567794 18.378666448944994 13184.21824030013 12.057717418772706 14897.427381571626 7.9711886710034285 18119.65101036165 7.315240322389932 20728.88561525147 9.030860753808561 2.155823254612756 0.0018762171240938581 1 "" "" True False 2.362493982170726
571 110.83044275485067 -73.46058553531074 163.20737943761867 143.24548235723142 501.02151733873916 32.0070784246357 909.4062379386279 46.645624170092 1019.9113013730255 10.627867701817909 1432.4730910951214 10.174973562004283 1563.0123695799334 6.28641876031074 1613.0481264308726 3.8627608100670674 1339.4374953108872 3.5380346053325153 949.407410697981 4.570738406784034 "" "" -99 0.7455000281333923 muse False False 2.2285487328166074
601 110.8637973345115 -73.45961907963263 23.713103722176246 64.61484299924089 777.3937548735015 28.305999796805864 1811.24362312294 41.05077192634873 2225.848579501046 10.11028686092599 4358.420946392618 9.96472945698009 5180.87100745073 6.76334374505223 4695.24137950844 4.253730565923668 2917.4710649042195 3.5512021886399308 2297.666808932016 4.402265027099855 0.4022564834641906 0.002316604109637743 1 "" "" False False 1.0442327975568144
602 110.79906230179147 -73.4595661666658 466.35485016000547 77.9288715469754 618.7323331326515 35.75676850885744 436.7726544539572 45.82097461238475 487.38944283740386 14.389924443490996 1261.148841399299 13.941252668775498 948.077645434129 8.633527044186444 751.0409705309396 4.205407704608126 737.1104005799738 3.8534749293649657 692.714869525263 5.134503412717738 2.209457936508525 0.0004869244456475741 1 "" "" False False 4.953889389389531
611 110.83897945655453 -73.45882257484749 604.6061027152213 73.97431457526574 1067.5123243490211 48.44144827936181 1577.9532908771882 42.32240595999684 2016.3016409862437 13.859423598229705 4343.696735647073 13.29689337996753 4666.144278221872 8.786645690146218 5345.464546045929 4.568694116017006 5699.601419541566 4.237686477074621 5972.619857157039 5.179669735561583 1.448902566040204 0.00034944696831951116 1 1.4502999782562256 muse False False 7.249011505585169
614 110.82125436720833 -73.4589599207172 144.05176478389225 45.73732329830738 138.33593050531866 21.00391319552326 499.41846396036055 26.39709625328856 528.1784254566355 6.9448002246787475 717.7556908646371 6.748673875820115 762.7344900601773 4.117148215496872 799.0135416531645 2.497338408411411 700.0657757379122 2.2643958497123804 520.2723134157462 2.9314576332538516 0.8577967331894392 0.001513832140175586 2 "" "" False False 3.3569870803261344
615 110.8366962800958 -73.45872776816502 4815.771112895361 100.01415333450552 5989.495559438688 51.332957699545844 6515.634512580208 56.582616218662956 5730.044650941971 17.859079812573224 5515.126996117788 16.294640519177932 4548.321691940972 10.296933699534895 3587.3045703248936 5.179960921078165 2979.527628047124 4.622075954595748 2544.6893755245005 5.937347673344976 1.371475913616778 0.0008802758351780238 2 1.3782000541687012 muse False False 7.096722968411858
616 110.91643659373418 -73.45873428857783 902.3028381181869 56.45049743977163 1157.6158759939244 29.19956923877988 1135.524557648496 36.354086103393506 1319.8257450069248 38.721978869702944 2496.7428434733883 57.050070312888685 2347.8199815051216 19.910048794609185 2173.4807730692655 10.109092445843388 2245.712693167829 9.599686540410643 2369.058527529797 38.588474511035464 "" "" -99 2.213 nirspec False False 1.8911374798076586
621 110.76263968847847 -73.45838422489967 -310.26923232404243 76.1485199912026 68.91460358868791 33.935301823341625 63.70685180485778 44.515656625592676 188.2538430405362 13.276164647091857 2129.3712032905914 12.921283097383796 3332.973704016342 8.623084089436446 4975.618402096489 5.237704070349792 5980.714835609768 5.065571657650645 7073.13364772951 6.352181445057364 1.983215469191649 0.004059959747292008 2 "" "" False False 2.3678624054454263
622 110.89174866905516 -73.45835278799774 1150.153478692297 74.17199362548989 2589.6578280876097 35.370769342738456 3622.241253599572 48.51164676899857 4315.282153913731 12.317387765331842 5757.54386650162 11.73913746488137 6324.631658293136 7.734707370435539 4785.123197020747 4.691071644521533 3183.3515216189508 4.156787378047343 2664.630102620242 5.098026897950915 0.2875566496261885 0.0007715442121168092 2 "" "" False False 1.0
633 110.75330399911267 -73.45770031961892 -155.53479116220333 67.36118389074583 109.0985119345967 30.85629450249917 242.80954019739494 40.559422111759275 228.2331432454414 18.478126865915996 1096.807205185812 13.40279364585563 1964.9146484955213 10.413129782682846 3361.437102378454 6.411105370857496 4446.341150500817 6.386927173503657 5554.883245342246 8.096408061037364 "" "" -99 1.996 nirspec False False 2.1501549879323423
643 110.84204596652182 -73.45679762122157 1739.5879650575182 162.18483190659734 7420.846308480171 182.6383045487457 9983.397024614162 127.42430741916172 13525.26219140054 30.525152305260328 18783.542320048513 28.295279020256157 20384.323896586262 19.056719284111278 18811.617894081948 9.740075143566175 12544.988500934922 8.460094081214097 10564.897415395766 10.713947653174065 "" "" -99 0.42329999804496765 muse False False 1.1910513161490428
646 110.83639715094387 -73.45698419727509 1306.4748463127655 80.52945036836067 3043.778279477615 43.70803586920356 3607.673976649507 46.43569345562699 3661.17761475839 15.376206958229472 4869.428017235353 14.271739954868076 5578.003295278699 10.648636252201511 4833.53383792075 5.524994082238206 2950.648256622268 4.49158952184251 2748.6222176500946 5.296572358199574 "" "" -99 0.32409998774528503 muse False False 1.0
649 110.85325477303383 -73.45675486147675 604.7190458156507 88.71814770901618 4384.532680935986 41.597953310780156 9862.727369622198 56.972152236129304 12486.669502538069 15.873622868963949 25226.084517891835 16.662385939771802 30311.419513301567 12.460392198014027 27577.702026728115 8.491884663767394 16925.60554490234 6.399421595579006 13694.959265719313 6.895411451313592 0.3933209381361277 0.0009318640269870004 1 0.38359999656677246 muse False False 1.0397026795011128
660 110.86244174135365 -73.45645527059091 205.73461849660688 92.6178340882183 2908.9650408352763 42.9043761077326 6702.165939388112 59.075078961381465 8476.058566437712 15.573245572759273 17329.843543995245 15.560783943992101 20843.629497911807 11.288301293856716 19166.85615654515 7.323979413980691 11758.282574602708 5.770207295739826 9416.22125748423 6.647344970451686 0.3954599899788793 0.0009495619898095831 1 "" "" False False 1.0335018691447064
663 110.8046413593961 -73.45623719820532 858.6981815440527 115.7678521908927 3361.162206373364 56.309035072042946 8692.60512354998 71.56321375345219 11102.052999114821 23.960070936015487 24754.074672859682 24.13329491198544 30864.471771084027 18.843812823743384 30143.286044270368 10.04540034671412 18972.64183386415 7.93810188537159 15588.379359880537 8.496498165248491 0.3877282284120888 0.0008256886583454526 1 0.3864000141620636 muse False False 1.0033116017291368
674 110.85589433108406 -73.455839061613 1771.3865116099846 93.07212178194104 5069.24509020905 44.01694638291478 8899.164086274197 58.84899715551871 11124.833937287432 15.99710323649387 20447.139988397827 16.024713455556014 24906.182069223774 11.878122191340598 23978.797315124702 8.006130219389984 15621.294742254306 6.294557453415721 14334.743914022398 7.176572952323204 0.3898416282179364 0.0018222845919023678 1 0.3822000026702881 muse False False 1.0126953011600104
677 110.85226891490592 -73.4556061784871 1643.5665894491967 123.7300866814241 6092.383356204033 60.25445852179474 12208.342543015031 80.40369214403535 16044.510296695391 20.73424684118014 29729.0881659156 20.69581304403046 35758.37891939796 14.9580794679714 38611.40914598641 10.177434483971785 26531.68564777774 8.548778607888917 20569.49367844633 9.07482701033973 "" "" -99 0.5188999772071838 muse False False 1.659840868863333
679 110.84077099172721 -73.45533998747418 5331.130248490165 200.25587626337963 3805.054584590801 98.72261279649642 5133.273395717672 239.2076407692357 8397.149302496882 37.97302615507392 12950.602040786454 39.63836231541401 15299.917396318435 31.163053961467067 11982.811899312437 186.6010349845408 11905.773277282738 16.861078465175645 10410.58945647907 15.675910977581259 "" "" -99 1.3782000541687012 muse False False 52.11110077228394
680 110.8713568475393 -73.45542636752714 1139.9275685118546 104.89893112425499 1212.5498094770849 47.45021973409564 1612.2413774794688 64.91191585693878 2180.5147136620103 15.879582684785952 2947.745191459616 15.031216537332748 2717.7187791452807 9.365967054593135 2689.783304108106 5.744180333356137 2669.7967654312397 5.249256835065899 2175.848726419409 6.893629747495495 1.0850258183045343 0.0024642502559278404 2 "" "" True False 2.9391870746869553
703 110.76080376574625 -73.45425224755752 1038.3890049967204 114.30338607701084 8568.074177765944 54.89905109529232 21203.03779767172 74.78803028886568 26409.56613297142 21.325844103018255 58118.29212952913 23.35246293107998 71515.44257221401 19.459519511998995 67849.67615008111 14.584799736890197 40986.97228900632 9.871122384486918 33580.63855909944 9.984338034455629 0.3787380339755628 0.0007273533034206636 1 "" "" False False 1.0
710 110.87752368171975 -73.45383235875673 158.9481089761337 55.07450438461299 271.8054156512599 30.57088763429339 357.15421313206673 33.44716914397573 417.5581532426832 8.325593013913988 820.4937036515591 8.157653550179216 807.5932847775987 5.0361592680877525 874.5234686506004 3.0791411354178186 903.5879491096345 2.816124375733913 953.9718623457705 3.764679304574007 1.4873988386050074 0.001109065845343191 1 "" "" True False 3.146027986290523
711 110.77081418859646 -73.45386567370737 286.0025709216234 62.79665470000839 261.33368904224136 31.056821719560062 251.50064310220137 36.83131296985595 280.4063740021172 9.032812885858224 683.0659934315546 8.599343535850213 692.0344761806045 5.383164990146834 648.6533061601386 3.368533785269665 630.879981190314 3.095804426195323 633.1662579100954 4.0828959791285016 1.882952774800677 0.0026561931106925396 2 "" "" False False 3.101336683151046
712 110.83790487769994 -73.45370680424608 391.45912431131495 101.04632763152678 3376.032900291801 48.27284743640674 8331.811756605228 345.1051380435109 10804.012185716403 21.937473264281657 21421.670680638035 21.212362589343655 25353.26923154247 15.947308386129988 22865.632061401833 8.913530124502218 14270.82730978841 6.798307958971093 11251.585067170918 7.642048975237742 0.3794940980423694 0.001056625301231351 1 0.3865000009536743 muse False False 1.0
713 110.85035300605163 -73.4537886162241 140.79311180448857 44.82569545901877 759.9977230047675 23.157465420959543 1631.546493631589 29.562093057939066 1972.062643398647 7.505219704040924 3990.8296822109255 7.852487237681696 4796.835107571769 5.59736938801108 4375.063081191895 3.654145832306418 2768.8759955148244 2.8258961217188965 2275.8551900652524 3.2280469411860753 0.3828333936549486 0.0021434868772903515 1 "" "" False False 1.0
721 110.74607283556662 -73.45327770085196 1074.2039219922062 59.20932762161039 1849.7014039710493 27.14004720712581 2475.5556951703365 35.47702666686015 2670.3140478893515 15.321533405910085 3208.7029267670814 11.46469691336724 3322.346285594437 8.39284519872665 3054.5237249761476 5.496248421115764 2024.6488446107746 4.704075959708454 1699.8691112457866 5.888595870219979 "" "" -99 0.424 nirspec False False 1.0627971177909106
734 110.8387898352624 -73.45279032365235 36.195512260678015 72.09439450138791 1124.684560129323 81.89766721911371 2388.7999344044574 886.8742157012214 3893.796670672988 12.269041687476731 7871.047176906625 12.51716016399345 9163.038348616752 8.539681548118221 8742.135012734356 5.247367303536242 5392.218955466445 4.260564893208963 4201.79924561745 5.057209901585766 0.3998733441264325 0.0022292400120370315 1 "" "" False False 1.0768428033997908
735 110.80015727529896 -73.45278187453667 893.7376342070667 80.98849573337228 2500.605369860189 41.313079847278686 4346.750163901224 49.95347925868327 4569.23319367431 13.246298328557591 6946.469742065103 12.91474275655613 7545.423131738404 8.869623609538241 6743.779288484719 5.035057427846378 4255.810346290117 4.437601783459761 3378.3476667511327 5.320173916530011 0.3863471328331319 0.004296509484801064 1 "" "" False False 1.0
738 110.85201156834567 -73.45234560657921 1089.4664665804594 164.85713515512194 1976.2142492606692 923.0760398818513 2290.045058266761 100.65507432077463 3951.7850423910727 27.125969174340824 7833.57123431401 26.005788292104494 8039.420679195353 16.349606384247394 9247.166809180433 9.426733126875638 9027.629355603873 8.57252391688404 9245.511169947804 11.082986129275072 "" "" -99 1.4816499948501587 muse False True 10.076682493289628
740 110.76143874550415 -73.45250126631022 125.18078182935676 46.91522352266342 188.04540316679527 22.55049283273646 195.26279663766203 29.474281041644687 187.99001148785467 6.675966615827172 359.28793786148606 6.332227043408299 420.34631197133444 4.085354882947337 357.6874930666759 2.461496443550522 369.76783376867206 2.262674855810352 356.70260501234696 3.004124049584657 1.718915208838434 0.0021393880607110116 2 "" "" False False 2.4442960661549984
750 110.76593484964611 -73.45170765687405 15.610813974040205 137.32238112529714 18.115201094194546 66.43044597344785 41.86671773401051 81.63024586985135 221.36890218343564 19.628638099922465 3078.863184280039 18.831399932095984 6439.375207772126 12.293350709558082 12786.377242015877 8.067815295208861 20492.82298119094 8.045836795438753 27414.40140923933 10.28978824888202 2.281158794527844 0.002785671463579442 2 2.463 nirspec False False 2.9004232268472734
753 110.75886308657891 -73.45192623433418 445.9875524181019 90.05203596263321 2751.3017861401254 42.16426768968095 7053.9267727296 55.84420023535513 9111.38034427951 14.98645827765537 18983.444490472168 15.737231638663632 23490.225854908964 11.790868847977416 22086.74346747623 7.870677187596991 13671.073530196301 6.275126081377073 10931.164309199306 6.708840298659436 0.3901267874556968 0.001287458396341784 1 "" "" False False 1.0059827613224919
760 110.84078775136358 -73.45117808512796 671.5035815665291 94.38286418671899 1232.084135500612 51.388467245942614 1841.732236039393 124.71307525440683 2562.9614236312636 18.05973147930253 5599.225586570266 16.890007982792078 6032.4626407283085 11.280396852382369 6999.085973834663 5.774214719562415 7410.007134763193 5.316481756331306 7660.789602723649 6.633446849740427 1.443541654059328 0.0009204923826565681 2 1.4502999782562256 muse False False 13.370735150246956
763 110.8795967792608 -73.45165414233989 214.64386754312082 103.65093891964003 252.05507317777807 47.80936409080692 434.27373943927995 62.91205049890938 699.5511292206645 15.667379198388009 1222.5400670726417 14.638372710831408 1529.2131361660709 9.129273067882673 1506.8677102986494 5.652015823593345 1363.150725650304 5.313308662953759 1213.1715636542624 6.889954658442636 1.372227790248903 0.0014845711208739676 2 "" "" False False 2.635198313664603
766 110.7919884725673 -73.45143407443807 388.1047394251833 69.52306809519591 513.3702017680964 151.01768982526465 630.6143929039764 41.67088684439868 876.1296734542095 10.613764156667878 1434.1573918828103 10.114574498760602 1386.6028371909777 6.479461097916926 1605.8117361112784 3.815226856063679 1513.0320652255305 3.4532997234675724 1476.1040118154756 4.472207359486966 1.380753745712082 0.0006494690462974795 2 "" "" False False 4.486962313177021
767 110.81628252860898 -73.45129013117862 188.20427808104785 92.30465623737946 2362.8045885117035 73.07161983337767 5689.033535529295 57.05935503463004 6807.498867177587 16.175300228790924 14909.584770233167 16.040522932691673 17912.39943580856 11.626341152947077 17106.29090100066 7.006653412604289 10383.129052936269 5.560471207673769 8546.165281549798 6.554306075408748 0.3944336357575446 0.0018660630401067524 1 0.38440001010894775 muse False False 1.0408014222342559
771 110.75025608397081 -73.45101996975193 188.38828319105656 50.054583580650245 265.2453667277057 23.586240887262143 234.63709343841916 30.32475461840482 334.84703012373654 7.187574211016389 621.7024388392548 6.823912713788862 582.5537116652723 4.379424932537786 659.6673363365735 2.757843417728872 662.0854111944898 2.613185585289968 657.7508134217201 3.3841379007178904 1.507867623089663 0.0010162758112715053 2 "" "" False False 1.9781604223171525
772 110.8387246654696 -73.45105201585424 577.5309619476106 67.68790141090922 758.0882210317188 35.640754789708204 855.1554522652817 47.96602731627985 1050.3092092861173 12.067260999311799 1600.6464697591944 11.375325936722353 1540.984018039115 7.2003041300087345 1666.0222248990967 3.7882276416570164 1675.2286892868954 3.4530947124348392 1636.482054381066 4.4861764725320095 1.375334627637509 0.0009114879741219939 2 1.3782000541687012 muse False False 10.552406638742701
774 110.85641389722883 -73.45079646825107 554.1720114439868 83.7343149379239 2685.874352132963 42.67923606875032 5943.982502663343 53.800993891474185 7276.630738091974 17.721007935536175 13409.552583153962 17.09534520860587 15294.277093746336 12.61642951942532 13649.294686015963 6.574865152751023 8448.013901281116 5.242815252092869 6747.794962352339 6.14808852393317 "" "" -99 0.3871999979019165 muse False False 1.0
788 110.76470768502108 -73.45019991342699 137.62158937854358 71.47583128480463 477.6482663707392 46.33071404783612 510.89799861046686 42.54484863528801 745.0712956259788 10.386084895612193 1134.0400660519954 9.88389175426932 1553.3490129942172 6.284343610304345 1490.3327931146855 3.860582965041445 1349.4120657068559 3.615103463215395 1406.882855368638 4.677602053352021 3.099437992894617 0.002922063876586273 2 "" "" True False 2.985825997511456
789 110.75554632604909 -73.4500669369949 342.2658158384287 75.8320322688502 1427.9537961682577 37.13315402561797 3263.7268066053325 46.963921219363925 4413.236857525629 12.240245262737805 8489.022444137841 12.082029125218353 10119.056987780701 8.63771850428558 9088.128976590939 5.247485964841113 5586.951462843168 4.2941884013067 4420.783906472578 5.181425821251706 0.3829360938516694 0.001594305346374142 1 "" "" False False 1.0
794 110.87631163950346 -73.44957795509025 246.95266811315793 103.11630456481431 273.7102536481177 50.100384661353736 848.9437679064908 64.62071645055491 1379.486784407885 16.287443455684905 1816.4000573664505 15.175278850443112 2059.5531374284296 9.419268401705642 2245.1108869497025 5.86331729296871 1933.4982940562895 5.350262936223616 1396.0864948486953 7.070806773696332 0.8260634789964157 0.0016349877412308866 2 "" "" False False 1.847441840592985
797 110.7934175725837 -73.44947242272234 457.86885441720585 64.93888142199822 385.8433556101877 31.47971118776438 479.9149164088037 39.63135402444476 810.4656139880516 9.779934454646723 954.9818145595132 9.294226572179994 742.988102785338 5.863395382302741 712.3181197927848 3.441941849624794 678.281358888988 3.1205879236131056 526.5334426452398 4.096066201716245 1.056334207760531 0.0004480198219770637 2 "" "" False False 2.796799465773135
799 110.83863271695009 -73.44933653283209 1417.6922583568494 55.48912351906597 1585.268653726139 26.157814931171902 2560.977342370857 73.72462351414107 2816.434466706618 11.935200867363177 2300.3203006528984 9.891690371909878 2375.2170627629694 6.634139428796115 2386.287611804557 3.26784815555655 2145.775989637609 2.9508933617829114 1530.5347247246807 3.6516166523883307 0.7466122794553187 0.0001941370292796174 1 0.7469000220298767 muse False False 2.462240669041154
801 110.84346816585173 -73.4490277541839 1585.151213964426 135.9635530840691 1700.7319871901327 67.56740839195682 1770.7770039968152 80.83278132938152 2532.65658820391 24.43082395620438 3659.96762355709 22.913007456476645 3555.489510349494 14.155439062526975 3604.2562751054556 7.435684036511424 3432.82494974663 6.7886732189417 3394.8819758972795 8.968125100734692 1.501303384003342 0.0003922573597260337 2 "" "" False False 4.319618061462162
821 110.81856503710192 -73.44836507177406 507.52194404726333 95.57291170050793 2148.8121736847497 44.20008928889831 4361.284023314834 59.474965580226154 5396.4854788558205 17.312304739944082 10761.25378334946 17.19096297700634 12557.998773921123 12.189796338857203 11768.905297819118 6.297107387940355 7175.9861595763905 5.140449424844923 5759.358624627528 6.331683021831106 "" "" -99 0.39320001006126404 muse False False 1.0231455589375975
826 110.86280830458159 -73.44785138064294 485.155309464669 87.51157475824917 1862.1715415191763 42.48731712662773 4567.629727953734 55.18830231994725 6568.429514022726 16.900183303438453 12817.068323870924 16.159023067932786 15128.908600564275 11.040603422917075 13775.968364039838 6.61898140658181 8561.062692502146 5.404986343526175 6612.694787789867 6.475633520896239 0.4018132652926493 0.0017336643799442386 1 "" "" False False 1.0433947141801938
836 110.76381444799746 -73.4474735857915 -11.507197560588592 99.84295786749564 201.5454669026113 44.55406833490217 448.63650348236985 59.02945114648275 954.0226145531734 14.581973310844102 10607.297913553959 15.324139277703395 16332.2527262753 11.218661972427816 23715.1305341113 7.842740653737157 30017.94212896676 8.035181053667197 35731.20624315812 9.491895001697422 1.977412738167944 0.0010284842717129816 1 "" "" False False 2.270886825419459
842 110.79053482820217 -73.44705638658183 530.4907443298363 64.61155567517571 354.2985017941823 32.36457236041317 446.6848288834255 38.5248779185322 381.778942266252 9.659274232872871 866.2472163581485 9.422816197236118 844.0877006598009 5.9978868916646215 733.6662117560513 3.5184059097087363 752.8312464227397 3.1516511088650687 772.1125413952689 4.093641557567444 "" "" -99 2.118 nirspec False False 10.755758364942757
846 110.83296464451955 -73.44672922504961 1296.531065755259 97.28966111240085 2335.495152595748 48.36993667275676 3907.274783494011 93.48262253657406 4474.162781729429 15.208167768299836 6473.408210792775 14.720602856790775 6864.628462820932 9.48518336611552 7428.9197977919985 5.846877744216804 5367.380156567703 5.171917659875348 4001.787143280404 6.523177193268889 "" "" -99 0.6001999974250793 muse False False 1.5788171535270374
851 110.8589244400098 -73.44653505847856 692.2542467596722 77.9806331557939 824.1593071765204 38.03957379611006 1653.462228556497 77.7643782476608 1977.7422534926698 13.591321981637318 2890.4259624169326 13.06112284430566 2994.7775560493096 8.133597283725367 3249.0663926782463 4.6221478686367785 3366.6237499248477 4.291186591670364 2685.177498297389 5.444635070687662 1.077581869386118 0.0027132993145955187 2 "" "" False False 2.1096406937703973
855 110.75676031878567 -73.44609768082505 1252.2415327219492 145.96600775698903 3126.354531153056 66.64388407846428 5580.774052449468 87.35097996443102 8512.483280886121 28.218604183185203 13041.41033459999 25.593869639934912 14419.083878370126 17.311154366924058 15722.548409546878 10.8740349866803 16412.862893921945 10.51110615374493 13436.794818610093 12.481903652841364 1.0762359233672 0.0008731442157755565 2 "" "" False False 1.6779146174457962
857 110.79649932795398 -73.44619088782686 375.28529477559664 71.15678532173614 225.4249616722365 33.08785268131106 397.65198383998046 41.14082098897913 669.9435272535994 11.03842281212636 2025.7900892980101 10.435160775727727 2453.6430068997133 6.760003282406965 4002.648969130852 4.148873386309801 5125.313176174965 3.9879479352918925 6393.4632523458995 5.058165093216274 1.37385044245717 0.0018985869967279578 2 "" "" False False 2.418710573063962
884 110.79430800447288 -73.44432054864093 719.8579144167464 104.17277542289715 4062.8731358688324 49.432939573481455 10391.680025694266 65.9587287037977 13379.682331960586 22.93290252636121 28076.62043961236 22.378755351569296 33945.844105859105 18.219456028297042 31794.65489844099 8.936697755176114 19298.86384148652 6.834141951467726 15540.062406786968 7.654509150328497 0.3931401124546791 0.002027205351851108 1 "" "" False False 1.0241977329784344
885 110.83078731322433 -73.44441171726781 707.4206597388762 117.68848048267137 854.8975277144451 52.64996468327465 860.6028690381644 153.34283360198626 1485.2791083955115 17.042610909696702 2702.4349727016215 16.16665703473275 2724.281191432552 9.988634869835808 3093.6899067204354 6.216853002783163 3102.0559825518217 5.716175780251009 3023.077569145522 7.531389247601443 1.5000524733941885 0.0021426930171690667 2 "" "" True False 2.303502867264227
890 110.82360408730267 -73.44443943796769 103.27794657246223 79.50828550703228 401.33070182091933 23.41045737132925 448.7574345164259 26.03224426597183 507.7439941526172 6.387220122900543 588.4394077834321 6.056248792082073 1131.7349462038262 3.9944701661470785 782.5999479992673 2.3931855413576666 517.6713695925506 2.119282285700687 616.8637819693608 2.81626598474243 3.3735645541270345 0.0006004366201497819 2 "" "" True False 2.8940985183234567
894 110.85976838250389 -73.44420371611686 289.6260405193481 57.51127106814615 571.1207997320444 27.51505649457416 577.9088129226615 36.24764921908894 617.0007875710475 8.874460209605509 888.8682058223221 8.486620687839933 1168.483900386198 5.322702896929647 1077.5707045360537 3.2820509323330542 969.8926463494805 2.990137932350417 986.8389072501524 3.9552772576959168 2.733493810050034 0.0005699869974604699 2 2.743 nirspec False False 2.3321969081443386
898 110.86918106773032 -73.4440018139645 77.14457407610239 28.360699325477533 138.11642210848123 13.930274837855931 194.73024848765183 17.618348661669398 244.18991625224177 5.591079396040768 361.2075594333655 5.275892884144547 380.84860538575896 3.3210758894321684 402.9711704349891 1.6656495828405746 408.7886407153821 1.5321343865310324 372.3176586280728 1.9773313639696715 1.261805772241621 0.0009857898497944717 2 "" "" False False 1.8271436539428665
903 110.79648101145699 -73.44361229221015 311.42965684820217 57.446176629952454 366.9448500915976 26.10300465274079 467.38112497087616 34.29676403970359 440.52697973318516 10.103289033358383 920.24621917013 9.61833626458695 950.0440257426117 6.0580270321631975 947.0027196971852 3.085168100252222 931.2459417731519 2.752553442170959 978.079955796858 3.6534849974969954 1.820550666523871 0.0008807934721940525 2 "" "" False False 2.1782303965041825
908 110.84689261114694 -73.44298020350688 1268.863063075643 87.84166023382176 958.5271975914953 39.912538402059106 1481.5431552690995 52.16571051035349 2027.6066247918754 13.260509619002589 4010.100514472939 13.08579364694568 4365.896243865428 8.340821178561631 6296.869457897801 5.311007644490922 7587.44724014118 4.989749015588324 8973.651042436542 6.31725025877383 1.3618086490576145 0.0037745935350934345 2 "" "" True False 1.930485833054152
919 110.8287211922647 -73.44259516917813 730.3706824386677 53.85112334861579 1150.634417233127 25.194252532839975 1412.223001559965 36.83028799944892 1348.353129613514 8.52089895533752 1752.3671617676744 8.048927621583585 2526.4048451895305 5.357720507338244 2233.2952845374307 3.2339416547620017 1588.3822630581408 2.8607793499825616 1767.8860800368532 3.673420632247787 3.099690924332711 0.0002999176343294607 1 "" "" False False 2.351353959859528
920 110.82066837198809 -73.44243726420899 46.77675910526292 82.25755520619062 241.5706116972804 42.1942309655047 939.3260305703169 49.02031413311399 1576.308139187099 11.718063673933578 4589.153512640721 11.731867934931024 5693.979379034262 7.799844093745144 7349.274355498776 5.111655390260691 8113.712242994295 4.815347717835505 8159.198441804619 5.796322838771817 1.26018168357832 0.0004481548054500184 2 "" "" False False 1.8992471449923374
928 110.80022674912347 -73.44211106392198 214.4326906927078 35.35570197586847 151.15067392230642 15.511841088005792 236.11460481421278 21.36198010063883 281.1817929805651 6.201812681182632 378.8794691187408 5.729220334295091 365.1540368588554 3.6076883666761055 369.4821791058735 1.8982229706463838 358.5209096651905 1.7126172118218195 315.66217635591295 2.2542021386642523 1.159616444788747 0.001002453696559047 2 "" "" False False 1.7823303552460008
931 110.82418602425416 -73.44188434791822 234.04386035647957 80.0015984265515 356.1468318773139 39.0137124727593 407.471381310552 49.34732915467455 968.6447061423788 11.738807814396644 2824.062799617067 11.503766344717675 4062.081669365177 7.5247150728273 5735.511539717831 4.828188989581294 6922.9893934217625 4.739666214100065 8334.879561786382 5.781349354139369 1.670715735513705 0.0006492486709290812 2 "" "" False False 1.9911995193590108
934 110.86206144786136 -73.44136239810678 137.64577727489922 81.754876777449 421.97570117106216 37.20818241439912 1441.7637803321995 50.623984840941915 2319.09914333273 13.14739779907261 5174.280861471247 12.959854415385696 6515.572678164167 8.586751701255785 8328.186307335907 5.658489349960556 9435.585691304315 5.348512234293926 8188.408349911883 6.224310213348895 1.0121833406772565 0.0008730002111194729 2 "" "" True False 1.5761881993842943
935 110.82096670641624 -73.44144532692886 2337.006862774194 146.3466587110597 2938.13511923151 63.33619948930956 3778.9880588633873 72.1008175779493 4612.16681743965 17.975352250652247 6987.97833212202 17.280197202757293 6349.4616932786075 10.710288870163325 7060.806597755783 6.625095358133524 7105.387506346793 6.101298010663015 7175.604726557925 7.882439885001115 1.2717216263774755 0.0008831399775722259 1 "" "" True False 1.8081263652565678
940 110.80693229050823 -73.44105538322488 162.8117743563938 71.86901235290064 1596.6627317403666 33.713085078339425 3912.993745703531 44.215109909851215 5116.946360651269 11.605601306427115 9595.314415445304 11.974690970195496 11209.970363546206 8.553050480301344 10221.903488530575 5.425181540810072 6329.606158320513 4.290982195599396 5067.836553397566 4.962613875592966 0.3883032026756552 0.002916716523204299 1 "" "" False False 1.0021952695717515
949 110.85194318668803 -73.44039511049148 1291.7885141927622 71.45482419565411 1429.668273191161 34.10226255969546 1545.9762939719162 44.524019726044635 1838.0368920088194 11.278679082851879 2942.4964337137694 10.771090291803276 2976.448000462038 6.8101679948993326 3010.5088618044824 4.215668882444636 2936.887856433799 3.863437018767581 3092.596850920893 4.997434621116903 1.6708335145834385 0.000612524304263018 2 "" "" True False 1.7514049574206465
956 110.8549350515288 -73.43995099572406 1153.5398398357297 61.588876043917914 1273.4810578752847 29.67637945575156 1778.2035955392987 39.55693924609041 1760.353564073429 9.90932551209388 2367.321255096728 9.421202230203692 2159.4894594987163 5.896174559848363 2310.721482805629 3.6283566732571533 2441.541397860223 3.366103331225699 2060.0750410002192 4.2500248652186245 1.084473825249712 0.0003196400909394326 1 "" "" False False 1.5702008841085828
961 110.80011158889008 -73.43926185342127 413.5660838094964 48.750601099124715 515.8758736856128 21.701785787829724 637.3572376577695 30.024059618504463 660.7518274321358 8.688447451893742 1796.905887518345 8.529129268869655 2081.3087564940347 5.702507858258751 2224.2333184142462 3.3659696128874517 2321.912534252169 3.139930977674375 2538.12988572205 3.9082190438633533 1.817920495519195 0.000427521810521414 1 "" "" False False 1.7737441241662089
962 110.85926748499391 -73.43929501265374 625.1575674300556 61.179035694732555 432.18259670992086 28.7017019469029 633.7083608007833 38.50923464277076 777.7607557905698 9.833260092601495 1004.209778412013 9.32780393470451 953.1585271533916 5.692600423457811 1002.4599819881985 3.4755321954260716 973.1949432013673 3.181842423909531 874.8563215931952 4.23072451079093 1.268522952071738 0.0012160694639740122 2 "" "" False False 1.5890368147913707
984 110.83770785007891 -73.43702281749839 185.40714429007897 77.32642177308742 1693.372565487407 37.51888009101326 3737.64203048653 49.07670670040845 4952.197493340445 13.063932755694307 9898.09892858721 13.109485788105312 11764.182404109783 9.298814351006857 10829.02903534718 6.189627367447674 6728.61628378407 4.759949931195215 5422.698019610845 5.594191996546965 0.382916790429459 0.001719709260072505 1 "" "" False False 1.0
1006 110.8465476510147 -73.43375836785854 245.0569088624642 44.4858394181057 288.28881047251235 19.732975122426407 377.88837624593316 26.616220235517964 357.27727858155436 6.982321563131201 1004.0576847052444 6.725547192995133 1009.6371485992221 4.215158630799049 1000.7301526237978 2.5504052131912007 1028.7564375474542 2.34861819869817 1092.1548407509592 3.0531426959509296 2.128557719772005 0.0003853236531290438 1 "" "" False False 1.5057293297344325
1091 110.81568726159944 -73.47446323578185 1468.5005196464429 90.04287394903804 4475.0346348978055 41.71499796544299 6484.039448563358 55.35822523551664 7728.513996767566 14.88683278664414 10959.076699434776 14.41544413624251 12321.324387389997 9.629711599032799 9523.76057887881 5.979001672692422 6498.393241579707 5.138852453913588 5535.48813115543 6.361053045689034 0.4037588372886767 0.0015074142643901334 1 "" "" False False 1.0194225034578501
1100 110.84253567554782 -73.47233779613828 147.27813665699134 5202.6088840152015 32.20432485828167 84.98900630251845 5.27405596528384 124.99601950637646 911.193905723156 37.1179898083647 9285.514491962562 34.17470623483009 17066.12708331502 22.38425116224517 31399.377576516752 14.574052433524574 48604.42502007604 14.906809412217637 66418.64206668283 19.147360414116974 1.980715793195641 0.0016784744622985182 2 "" "" False False 1.6388678710728688
1107 110.86731068092104 -73.4694455692716 651.8248822389287 114.26346112241254 3306.20426012038 51.332284291657885 7521.896826485804 74.198714683005 10109.917064473337 38.3355440148484 17792.722969560957 31.494128074554997 20396.1497862136 24.618138424499296 "" "" "" "" "" "" 0.3983053476343964 0.0016648375702384977 1 "" "" False False 1.016150965939552
1109 110.7949636672011 -73.46808357585199 519.3675322093568 77.51668219391621 851.9507289398971 36.86388591220677 897.0420100413625 46.81081855777825 1007.9224015030107 11.676138020485222 2170.2355518670047 11.132490177361229 2307.2363036190836 6.922021133950188 2261.831166186019 4.331567394053964 2309.8840758869983 4.006392791021918 2386.795612758759 5.242724867575935 1.974026642582946 0.0030401603868089877 1 "" "" False False 1.8094940840663811
1112 110.8588635818691 -73.46619224988753 653.9510579279317 134.6408104830332 891.6145628164111 60.59259437751124 1788.690256354328 83.60563391566608 4282.4859208423095 23.760995633020983 6512.769243071336 22.326715072272407 6623.07147137994 14.237634925989243 6255.7283292046695 7.547976543280961 4880.211694290265 6.7997269535918115 3928.7271194976292 8.81170722819082 0.3915386297935668 0.00403085073219131 1 "" "" False False 1.008058604196011
1115 110.86242691083649 -73.46623986101426 245.57284462120467 98.60099223195522 420.6723641677455 43.52147118274445 926.1617370130459 60.997659669800505 873.3711874792635 17.610469646578508 2414.6888035617917 16.64889076852217 3128.9416849608183 10.443464729186951 3558.926505127373 5.524293131083314 3529.32880708505 5.090955260090908 3827.3688316478015 6.6486919952503305 1.928171465117257 0.0016813207988900514 2 "" "" False False 2.0654882595134363
1116 110.77818862480409 -73.46593114861011 1314.31740341844 128.2349572110265 6632.2706083453 61.510409762589696 13003.868405477633 80.26175491831391 15222.249127695188 38.1661378339817 24464.73186079007 31.334196765242147 27833.06903417931 24.234350187438668 24978.12947492989 14.224334024028797 15428.43781205494 11.682170314375066 12345.157457616157 13.959831398769213 0.3887592779152217 0.0015531645229495405 1 "" "" False False 1.0026692914136146
1117 110.77730032416802 -73.4657279133207 414.4677729086266 105.66661411117872 2582.1978711335287 49.43360134065029 6736.577888715809 64.7047517773929 8837.494265097048 33.65127660622293 16988.88611201437 28.075070695937686 20765.316660934935 22.218740982958117 19201.798586238834 12.285249621168491 11812.161920758972 9.908321324710194 9388.513625936144 11.62671064046204 0.3958897956901464 0.0014043458128409347 1 "" "" False False 1.0215932068500004
1129 110.8737053433237 -73.46473118802753 175.84065463181065 106.89520791136414 1693.9226568547654 47.96353866761055 3530.3606664844615 67.6715682900406 4973.327876700435 18.910649241515753 8669.181575809747 18.207129848829826 10026.13290195019 11.98770221658008 8794.20338791745 7.5642699218727945 5645.498127364548 6.636557461961276 4263.467124579526 8.189443940362334 0.4032193885370187 0.0019036594831731146 1 "" "" False False 1.0293209829010783
1131 110.79391765580537 -73.4644125905866 214.68105832929845 114.4343845577874 1415.2036467607065 52.643837132676005 3830.7887298767832 69.89243517735012 5979.776439704943 18.404082509228466 10236.034977017374 17.62666349671562 12695.858417465059 11.57904490772289 14551.907743193291 7.574692438959977 14269.42405346523 6.943878358190405 10804.756482913283 8.307122977102269 0.8786407813553915 0.0005111051121231558 2 "" "" False False 1.6793819493854902
1137 110.8090340067543 -73.46100415129887 71.64634937902684 176.09403785803647 4151.571332312987 81.76649180829287 22034.266149434327 106.24418039064298 31238.177067022723 30.918243393141974 72429.11014648192 31.936650116559722 96974.85379904711 24.43716982621422 117622.21738996121 37.69834684192818 105005.30093597845 16.95016358322662 71167.95113030224 15.322409497051297 "" "" -99 0.7459999918937683 muse False False 1.9905000743304684
1138 110.81035980036015 -73.46056617601361 -242.04458150631 219.47919103962184 959.4206957178229 115.05100217377297 7748.700020741324 122.66677665942606 16536.59607724732 34.04144012851692 48561.414216134195 35.14903688018298 70964.58334572434 24.963508862796186 99833.87516635847 18.486714803887466 113991.45290787585 32.09473145933174 99722.20446439386 18.918146727027683 "" "" -99 1.0825999975204468 muse False False 2.8775893414878966
1145 110.84892393568565 -73.46040207792986 563.6394790639629 135.47634950236443 5707.719352583567 62.89217864104611 14678.350462897193 164.12603020883807 18557.263516923147 27.58812238648789 39152.89206276536 27.413318478555162 46940.508272549036 20.470477753931103 44202.45541102891 11.662417613248472 28027.987848997876 9.071915194957665 22479.463886006568 10.026004820042552 0.4013394210887448 0.0006903703022085594 1 0.3970000147819519 muse False False 1.045082397340762
1148 110.82453444527314 -73.46000052203989 583.0479657568491 104.42787044382037 3770.2531041637926 48.89058784630323 9444.942315116274 63.972668572948514 11812.62863504884 17.918389641573143 24437.093275186155 18.785138825494283 29384.437499622687 13.445512931451098 26677.07496036591 8.882248236135586 16486.886277358957 6.78389040552619 13218.110291400397 7.662172047250358 0.3928627046272697 0.0013226120711543055 1 0.3806000053882599 muse False False 1.0318583739403204
1149 110.82511380826274 -73.45970497136395 2385.903915062887 87.54969934672518 2529.5538723695377 40.35608505196284 2649.8154475893043 50.627743397197975 2882.2499782170757 13.395716602270179 6636.441837917351 13.360874849078526 5223.347753743456 8.391998236964683 3948.0055529543765 4.96854210487195 3813.327219755554 4.560189487643288 3306.540820350478 5.794536019935232 1.992009342175399 0.00026922945801000076 1 "" "" False False 23.19238180814436
1153 110.77183394512285 -73.45955798737067 505.77928391652273 185.25617855118952 1983.0368181863148 84.3492913034274 2214.9180374505213 109.0804146093918 4224.5488632623565 26.33113094994813 12999.183747773906 26.09786318417331 15931.910235906578 16.674213814490308 19124.44501848016 10.971210826046354 21407.6788405449 10.460739951349572 23349.540973283154 13.152172318723997 1.9856062408326935 0.0014423397074469345 2 "" "" True False 2.548537130323141
1154 110.77036245443747 -73.45962338147969 47.767774677587425 133.15004278085462 661.2089896465613 60.818636245285745 777.2289143698401 78.53650246342633 1053.4896908761316 18.803536314747863 2926.9663932072 17.89253033411129 3483.6259400073927 11.318423943514706 4030.01874013427 7.905452967438486 4155.842718412585 7.4097272329385735 4363.2746345375535 9.786482904115937 2.031357286449054 0.00330022765034704 1 "" "" True False 2.490627775587763
1155 110.85347231931927 -73.45962357223559 4773.956369470168 110.41328213948114 4745.581466820754 51.358230883504504 6514.457197808129 67.17975390126274 7910.785435660163 17.938868071815246 12734.323622101872 16.531820020456493 12747.97513083987 10.863017526529818 13768.25575845823 7.22010121937636 15167.610009642627 6.777504300731356 12847.546797616757 8.10406298691373 1.084355448277617 0.00024107810534745866 1 1.0815000534057617 muse False True 3.1767835950234593
1156 110.85386829375759 -73.45924202501772 -142.2578149043842 179.0539584472192 1054.6412859060542 79.37564681037459 3227.2418874225204 119.57439803103574 6624.226460212551 26.65553547821074 17904.509209270393 25.69465109242295 22638.113280255817 16.882992154140712 28234.989552341292 11.657330420576347 31342.09732024258 11.108459985161593 25903.55394753319 12.819963307577684 "" "" -99 1.0822999477386475 muse False False 3.344106354035807
1157 110.85588703336165 -73.4589694416939 -233.07015457046933 90.8461424356018 401.7512211311341 40.47571430690813 902.7030583957561 55.50604902300609 1713.3220194706234 13.322120000139993 3720.185892902305 12.967183798151764 4511.6124244885 8.37890911496669 5254.262955310094 5.382995837789818 5726.58814366245 4.987091333174431 4891.957102987991 6.185153192192384 "" "" -99 1.083299994468689 muse False False 3.362877153617109
1158 110.85682607432157 -73.45888754145535 205.71395680938886 115.64763550557788 947.9084306912431 51.34724915756306 1910.4068667489746 84.41926010122793 2768.73127293105 16.97140497892135 6153.119586063706 16.58089971911305 6965.879599828388 10.552496721394116 8538.452901893847 6.914291359923105 10265.104989856474 6.51301926941634 9152.997132665598 7.9946363018844115 1.090918788044821 0.00032370904855894 1 1.083299994468689 muse False False 3.3622054979600873
1161 110.864743810451 -73.45906541428631 147.2862928195249 134.21261050201892 2180.738249279891 60.14601589915579 5535.226837219387 83.15595459038967 7501.181633181117 20.90667427983414 14442.74875136451 20.451313043472087 17495.792322011086 13.599890772546619 16113.087876760927 8.474098189830334 10049.12705092912 7.204662428316259 7902.620560807848 9.04951940085147 0.4051598808824678 0.0018477714316454397 1 "" "" False False 1.0648216440809724
1162 110.86573443906195 -73.45906689592572 184.4134811762554 95.6601703242126 1309.2861494659223 43.561662089126635 2967.0493924383545 59.547732032104236 4324.85189358476 15.05089328778311 7689.119166798258 14.765483199879188 9004.667565056063 9.70623327562281 8040.864952845375 6.077027770247867 5102.419844759636 5.174956971520934 3888.4950849161833 6.46436856845871 0.4008352097375765 0.003396519700614581 1 "" "" False False 1.0394005080504196
1163 110.80265226267119 -73.45875519716759 859.48093300996 173.9133492645542 6480.126692251084 81.99459883058475 16716.112652245854 105.49957266452328 21903.965900685234 35.30429682288309 46471.86097610967 34.79045707295639 56231.914273051356 25.48147878336663 52755.85104306902 14.03933713957803 32432.60084319807 10.745027360697955 25437.24094279271 12.429591204871672 0.3925186669832878 0.0012265357653162556 1 0.390500009059906 muse False False 1.0477416988175312
1168 110.80664327731883 -73.45825787101909 1289.350668184574 262.5124933258574 2309.7954579981047 128.74766602669757 2681.960466194957 152.81507264968428 3986.44591160011 46.05748399790089 12162.631668711714 44.7331886181273 13618.95723438056 28.21864658428677 15135.6614031706 14.323106328897527 15105.842249891883 13.187497537545848 14095.307716448804 17.1162750601431 2.211745886464452 0.0017775273942366443 2 2.211 nirspec False False 11.917163819453764
1169 110.8036943848098 -73.45747059899941 3573.6745190461484 150.170901557714 3788.18415737944 71.39234083381254 8077.013433569728 88.26650410546085 11341.417330505674 27.05583422519491 21184.653332215043 26.24549493928694 27821.33349738175 18.474409691103148 33926.922590028036 11.004495383655149 34012.451929251256 10.095857881947218 25532.958922445618 11.163053752071637 0.9318464579088264 0.00020564057596889063 1 0.9366000294685364 muse False False 3.806499289413406
1173 110.83286518599432 -73.45702744304671 1894.5038525813648 439.7307565434392 8000.664490616536 74.28567592996471 19330.233439618405 83.9289610490421 24190.057376649715 29.218190065846986 53285.02905140412 30.1538856226141 65624.86405322947 24.034267007401983 61046.02085701733 71.17478704613411 38482.86836636296 11.044139497309134 31313.45565058665 10.813392058621533 0.383812353516819 0.0014579568849118207 1 0.38690000772476196 muse False False 1.0
1175 110.7802340395394 -73.45701230422078 432.8086987473728 102.74676434592699 4050.655036192862 51.89791892726661 10356.539501509262 64.13551940326643 13118.254387580082 17.7709893389509 28212.10484212321 18.964856603882975 35048.59728125925 15.06260016766442 33170.551138672665 13.060382208193204 20699.7279250789 8.031495468930181 16846.924720300038 8.34773524882686 0.3928489758386396 0.0009126465930677785 1 "" "" False False 1.0239418388061639
1183 110.75905559461494 -73.4558244130168 1540.162443646408 181.98690329138495 11858.37497538893 86.25362059245269 30466.20873616239 113.98172058375295 39841.61079568334 35.853767315242195 89914.27420768917 37.4107427334973 111085.97239910447 29.768868361264058 105971.52284630916 21.97975467671618 63987.1086295605 15.560035565327269 52355.836721681204 16.464608259475 0.381559620821591 0.000904620442648385 1 "" "" False False 1.0
1184 110.75826269785678 -73.45510211554132 664.1924120327028 117.13124693393144 1301.122382854448 54.648797800282466 1483.7434057705077 69.61279840391173 2169.686969743349 17.755303273431625 8147.297737192476 17.70759631458433 11163.394653924424 11.96247844900566 12637.416242819483 8.618136624582208 14451.517212027327 8.272894982940027 15864.764476420283 10.116454470515013 1.982633249636715 0.0006461562733059978 1 "" "" False False 2.425069282972741
1186 110.84294526304622 -73.45472410915558 1582.7553900079552 138.46517056211448 2704.76609822137 73.8091612427028 3812.5550254288264 138.82931393740904 6019.543504024744 21.405832952983086 13052.138700968433 21.203643153341975 13763.312568778074 13.866090750230157 15238.435805230978 8.74744420137447 16245.053557399557 7.9687412397674935 16554.491261997602 9.73459271435583 1.450154790419118 0.0004368158969875191 2 1.4502999782562256 muse False False 28.91572367978648
1187 110.80511583313563 -73.4546968794938 1808.257672238438 210.8815787540736 2932.4922338879564 99.21312687439487 3904.653003888387 125.88108126596094 5951.59577255798 31.49088030605201 16054.041195476948 31.161552661311465 17318.768559844175 20.504695234192546 18580.15952169185 11.93150641002659 18754.06818250238 10.875787194766199 19154.940633625258 13.931814310447287 "" "" -99 2.211 nirspec False False 17.18314838831457
1199 110.82258381638155 -73.45263572707447 3402.1326290081097 189.89705886237917 3275.1507940958736 100.67566389285511 4897.109121835653 108.12789398216893 6539.978122570349 38.04280503042931 12499.402951897971 32.407353765736985 13544.615403855452 23.885776265499533 15442.484889426163 10.142312400895301 14907.566566440424 9.196081738565752 14146.230212889797 11.41912938002081 "" "" -99 1.4254000186920166 muse False False 63.217421776255186
1200 110.82385163083401 -73.45190188288836 507.14956847970154 135.62511807313766 1327.4752056526956 73.46600418580638 2262.4315773819935 81.39295453167541 3299.4810636474763 23.319993776212947 6739.770822777299 21.0879275500209 7190.690934156334 14.400833651082335 8192.741704723494 7.160811548986903 8028.4125035214975 6.541292840540834 7808.053471903247 8.291484743695786 1.435807474894654 0.001629728037920497 2 1.4254000186920166 muse False False 47.66795751289957
1201 110.77868793659844 -73.45266278214676 176.60490498571875 95.75612557781405 2055.668123713922 47.16799853429955 4666.6440634996925 59.86368699726465 5968.473699411855 15.405235784684248 11688.188620781815 15.229008036449136 13809.528505196047 10.783567014488204 12732.032813745536 6.592178762633809 7835.679342053507 5.45782611413505 6252.958574747091 6.591052580226043 0.386657862912303 0.0019178066606236055 1 "" "" False False 1.0
1205 110.77295501017697 -73.45043718315274 962.9969526308605 146.38531995742954 8766.917892902227 111.56294025931369 23093.903466128766 94.40305506918534 31209.227451067487 26.389847363716786 69319.81656385711 28.41581092471257 86221.89725921354 22.893826855787562 63731.808066633166 47.5426220883976 52545.0841630353 12.306616991925136 43499.76463468674 12.346461669965032 0.3905489900504771 0.0010280821778602678 1 "" "" False False 1.0342640191208703
1215 110.8050372696535 -73.44955217616891 1429.2391374901536 107.11794919393996 4521.576833181296 98.74720745180302 8478.459080377781 66.48511595800885 9702.05455071569 18.867414818382485 17396.295668898303 18.420490330037573 21001.345225438767 13.309272112210666 21617.76944852818 8.205304419288693 14279.221889933788 6.703270780531109 11459.642049671347 7.579314329525764 0.4100406349466998 0.001233134471921693 1 0.4138000011444092 muse False False 1.0836068701925472
1216 110.79783000854475 -73.44890018019959 40.058357183058654 226.07943093643257 1779.4255202799834 117.03164030399218 5295.720138317549 141.5427713378731 13057.220845043486 35.75084404729024 38440.45023150482 36.55477567479117 54303.92929597032 26.223170453142266 77985.91746117333 16.786214968774967 90659.20040889169 15.792989061796163 87920.54020944041 17.60359152516392 "" "" -99 1.163 nirspec False False 3.6175231176903324
1222 110.7818077454611 -73.44841111266999 738.1277359307637 118.00225234632153 1061.462414023979 55.27534639249444 1533.025295679297 70.97864765794617 2517.5462416962496 17.428820300091555 5638.2101952754365 16.990781779406245 5612.982254092076 10.80411737955508 5225.520528808903 6.368155811757691 5024.341725237584 5.840448452856718 5160.076727120808 7.657000032304877 1.799006439950358 0.000852147258586955 2 "" "" False False 3.036350672380454
1225 110.87215249468267 -73.44806467978096 623.9482287761667 95.81113190966238 4137.118671729098 49.101356248132646 9592.48175238831 62.28829358177566 12355.30850777937 18.820532917398307 24979.19006862254 18.940325769375654 30740.947557118594 14.145016845752341 30168.329210031963 9.682690716139847 19476.718020644945 7.23085849588208 15486.228830786587 7.880929146802267 0.4155065072900275 0.0007170007498392972 1 "" "" False False 1.1257663825952344
1226 110.81853968417704 -73.44636810053952 348.8052366824324 331.3831325582997 820.155310147195 95.19254135233071 697.9619052614797 132.61809639730635 4192.962133287555 30.45480338769526 8366.909086195346 29.17317382619732 8710.05683716025 18.038796059809638 7540.657103531286 10.55129122643117 7031.062434494501 9.571562424767565 6835.783333185839 12.706643148925728 1.868383026230376 0.0008605345361474281 2 "" "" False False 3.246291678536522
1227 110.81705105665294 -73.4463368822862 396.44138295136185 88.33626802477754 630.7809855113477 41.72522304898639 532.5271154754292 53.45059992110631 759.8815274017128 14.140215556412917 1489.8586586697015 13.491202458961062 1435.0931702674438 8.343248654329958 1262.282123772362 4.406865274205579 1218.0069709747381 4.0313944016822285 1249.6276328979664 5.364620614874298 1.86896811941 0.00035651576157547105 1 "" "" False False 3.230293496706778
1230 110.84041408595503 -73.44355034624678 -9.076472614908528 140.44242070740665 2468.419828481475 65.53131283780314 6853.67746184417 86.65899820776283 10211.417402282857 22.588895000767263 21445.80208604688 22.48084598308555 26079.83056583339 15.167297593791707 24813.817848779014 9.477410221967324 15316.266385444791 7.9558007554443675 12120.56125041659 9.829738523035191 0.3953185611723202 0.0018578097648185576 1 "" "" False False 1.0270917198441674
1233 110.82825236832237 -73.4433148230729 335.91354309153917 141.24354609008216 2121.84004873161 67.36092447392248 5559.379849723454 321.16181802516223 8635.716796853525 22.341959598091414 16117.90764318456 21.705748252110435 18795.952026474155 14.265265561654642 17475.886666560807 8.77559011663305 10684.940736181708 7.548836231924236 8202.322482813315 9.589151645559513 0.3887526335585271 0.003956627307673155 1 "" "" False False 1.0033635826346392
1245 110.83887297108974 -73.44077864366504 151.05855030959233 111.88207459916327 1440.3712236636584 52.510254176301515 4103.672002914553 70.93647407558332 5896.654017709988 17.945469537861968 12455.614143568002 17.74507267531023 17089.56240575514 12.321345323722582 22054.686161971134 8.290202338002494 19583.51122794976 7.2803364830643496 14427.52956495975 8.21571238732053 0.6987570226164953 0.001123945308286134 2 "" "" False False 2.1471560345497913
1246 110.84070945065339 -73.44071962165563 704.9289202364579 95.16619891217024 4180.519961335395 46.081459524214715 9452.52204351054 62.23550498608516 11889.193329195548 17.111107962865937 22128.18102783715 17.51570892372978 26127.427371599424 12.919223066890265 23869.59487124058 8.865921791556975 14911.90836448322 6.647485061859975 11925.251029918827 7.33724309262168 0.3863207034377799 0.0015575599351999592 1 "" "" False False 1.0
1249 110.81499711859239 -73.44017546660665 45.368864732912456 64.92681298626049 206.70852489660305 28.022748514985555 291.8103951807204 39.43318550567136 304.4501143626252 8.695695498767027 574.7470891812449 8.21988432806549 570.8964796181629 5.039461837934999 628.427719930661 3.1362929730175413 648.9332364544236 2.893944684159952 612.3235581878622 3.9276534789359387 1.495732837802272 0.0010773167490604196 2 1.5075 nirspec False False 1.779456773757492
3861 110.78865246740426 -73.47229234474398 113.63859910150818 27.73234495685367 65.96939325479968 13.098488185589028 161.07853681588205 17.075474489871542 198.91036051269572 7.7756987546572525 274.09373351291384 5.91432044786807 292.7966860735566 4.309667354804101 "" "" "" "" "" "" 0.7806284846864624 0.0012349398516022236 2 "" "" False False 1.305423222958709
4155 110.79554399960271 -73.47006723522354 160.43342539477587 28.62835222319158 148.9593125478706 13.575956741974977 244.55168344139452 16.405365587455833 257.156667154391 4.531244248402584 252.6127420028724 4.257408979392438 271.49937417279284 2.644214484459078 267.78574559033876 1.7810959655029726 224.31516157802005 1.6285167025703877 152.61428052891088 2.1567667202381138 0.7952579066965162 0.0014295054244638505 2 "" "" False False 1.3717315279100104
4638 110.8674058084901 -73.46633185043261 126.13553136866997 28.16803745182916 181.9519161699957 13.154197765572716 218.7386406479043 17.047173022865522 263.51820111941197 5.410164656379465 351.4293994473471 4.995775173342406 330.55081233565534 3.304307661436827 342.05692142079073 1.8169720178364257 347.5459444572687 1.6727504040830505 277.8435338654593 2.152355427613234 1.066121377587969 0.0007864984646415163 2 "" "" False False 1.6943255174841658
4932 110.8033930818508 -73.46381895792233 121.1616536685683 28.281952319188985 83.1288439530873 12.641164917864758 123.5257068345139 16.36166323311622 166.94447883529958 4.30003209043795 218.20402203162476 4.078055511081391 168.7308676032679 2.4980129933384716 177.3480426171805 1.5395580672775264 154.11877200327922 1.4036064113775486 154.72637133993496 1.8761379265480378 1.247977930191267 0.0005366710993589541 2 "" "" False False 2.105056689394996
6300 110.76289495370332 -73.45354836751251 35.0694058109635 30.42565386688447 37.87927346853269 13.722096476295809 56.35433735171161 17.491222092081788 92.31196612128905 4.410696440003184 94.30568443534021 4.057624096482061 106.52646757855135 2.580512659138474 194.49402544857855 1.6266119200824254 153.84701102857443 1.4718168468014148 130.33429753540835 1.9523232372577082 4.555714215405458 0.00287728302150958 2 "" "" False False 3.3152666696450726
6885 110.85935059025238 -73.44916293919019 8.420938087323613 26.991826999964637 -0.012782770884562401 12.093587532247387 -38.46037251641144 17.063136366977094 -5.9032112488421395 5.088658824556152 62.388221777907425 4.865964896599321 61.81074292260337 2.995583290075606 66.21634014975439 1.5074377279779494 65.77599774281587 1.3695647020270214 139.82113114063606 1.8460191768534489 "" "" -99 8.498 nirspec False False 8.282214514481103
7261 110.83966581590303 -73.445360074466 -74.50270129804241 27.061480220015053 -1.004290177641778 12.505709893939565 32.791173244937234 16.48378609752098 37.88520028681025 4.108359007426087 77.88088819409586 3.8481326034388488 61.56695628334836 2.4318375409265833 74.12989723970762 1.4788687882829825 155.8374243950769 1.4279148768661603 91.98152600800779 1.8827753627986272 "" "" -99 6.383 nirspec False False 3.4110201514575462
7300 110.80646041841018 -73.44497488476534 42.81301857177911 28.820997457958104 38.20343995030857 12.710411170930314 46.91372135381669 17.11707890237535 50.24878604225522 5.139841076528892 54.07806280634637 5.052915307273539 127.07941163853936 3.06904907810851 94.93785440788439 1.4635524735660186 50.09288216091678 1.3334479286998124 57.32385575864075 1.801464815144681 2.72951544866917 0.0004958216747485977 2 "" "" False False 2.906918897243737
7352 110.84406905093977 -73.44422535949501 74.2863192519986 26.87092453701139 59.41283827090378 12.925282633105542 54.64895266051067 16.672393189219097 76.94612041342168 4.125554238853527 118.89601393975772 3.923711314975292 55.16963652704586 2.34969779492375 80.14149356503002 1.5018989445912032 51.476495090552184 1.3330250894604014 70.08466157579821 1.8066726302386582 1.370629917645343 0.0003085824510059565 1 "" "" False False 2.117554061456453
7388 110.83722970422072 -73.44379299022033 142.68060424775987 35.05207050338038 50.631300601778214 15.782579125612756 103.70448263114982 21.734719789044064 91.9680093526862 5.10784961236633 166.00602440790738 4.852395298145873 165.77128759133006 3.046557800006622 173.57015443685702 1.8430507369371751 171.28968567185822 1.689108302901821 174.38989054057728 2.2485327661629784 1.508586123438565 0.0011244802694925227 2 "" "" False False 2.1579476485997096
7911 110.84457176014674 -73.43506764930562 37.33329605683071 31.582920629439506 -10.55668201738654 14.182071712694563 -17.54590687936396 18.6824025172729 2.3228374492111383 4.831245630490125 143.31749426766305 4.5858417330579595 152.9823215122247 2.829967781334108 175.39983135709937 1.704284767471281 218.11408953373154 1.5907638924518428 565.0372743079706 2.179765549388042 "" "" -99 7.665 nirspec False False 1.686348355017128
7936 110.83399916423251 -73.4345255055763 -1.2141967095136381 27.842110853729643 6.918683625012999 13.181132983601502 21.490453705153268 17.644038417614855 3.7416170744501422 4.202534864283932 79.33409979153849 3.93684117658559 66.93762413135775 2.3700750565218756 70.75654061121516 1.467791020314269 74.34102729098802 1.3418873973684284 152.45975021321087 1.8491887375955953 "" "" -99 7.663 nirspec False False 1.676032553476782
9528 110.84067387224799 -73.44150458278685 43.7432970659751 30.673187393222126 130.64141709209346 15.49341252556831 94.10879481564223 19.170874122609433 99.40391923051271 4.698643098966457 122.50550350674058 4.387969091121077 214.64686400773667 2.7447395451429912 184.25391261693983 1.722488028411848 154.853519894695 1.5467119773417728 169.791995080563 2.066545414018692 3.080675679307639 0.0006128979677304525 2 "" "" False False 2.1206726873114445
10001 110.837010564889 -73.45659376871988 "" "" "" "" "" "" "" "" "" "" "" "" "" "" "" "" "" "" 0.3989175997156449 0.0015032103258429963 1 0.39800000190734863 muse False False 1.099896397384806
10002 110.7927505598621 -73.44770241764614 "" "" "" "" "" "" "" "" "" "" "" "" "" "" "" "" "" "" 0.3844579585132051 0.00034919557909382504 1 "" "" False False 1.0
10003 110.8458342381401 -73.45142469609412 "" "" "" "" "" "" "" "" "" "" "" "" "" "" "" "" "" "" 0.3868363470623934 0.0011506682602615004 1 0.3847000002861023 muse False False 1.0
10004 110.8801149929731 -73.45142476590624 "" "" "" "" "" "" "" "" "" "" "" "" "" "" "" "" "" "" 1.373610569665948 0.00046831522871504383 1 "" "" False False 2.5804801315213677
10005 110.8752051644534 -73.45716306051689 "" "" "" "" "" "" "" "" "" "" "" "" "" "" "" "" "" "" 0.397009714361755 0.0009427355698875817 1 "" "" False False 1.0264127681364335
10006 110.856716792625 -73.44132002090231 "" "" "" "" "" "" "" "" "" "" "" "" "" "" "" "" "" "" 0.3941794901643222 0.0007129704714037011 1 "" "" False False 1.0919072169882036
10007 110.8187015481749 -73.45529852525048 "" "" "" "" "" "" "" "" "" "" "" "" "" "" "" "" "" "" 0.3898953287530129 0.0007056355748030485 1 0.3849000036716461 muse False False 1.0572178176796267
10008 110.8184211807593 -73.45468994005167 "" "" "" "" "" "" "" "" "" "" "" "" "" "" "" "" "" "" 0.3945556874433319 0.0011252702083178467 1 0.39089998602867126 muse False False 1.1802918872772026
10009 110.8552107469632 -73.45027783855745 "" "" "" "" "" "" "" "" "" "" "" "" "" "" "" "" "" "" 0.3937476325069037 0.001178266072389439 1 0.3865000009536743 muse False False 1.0437471252087553
10010 110.8258828060696 -73.45876929519599 "" "" "" "" "" "" "" "" "" "" "" "" "" "" "" "" "" "" 0.3948994127021115 0.0004812707257358939 1 0.3887999951839447 muse False False 1.1447814834349035
20001 110.8007575845804 -73.4486078125759 "" "" "" "" "" "" "" "" "" "" "" "" "" "" "" "" "" "" "" "" -99 0.39399999380111694 muse False False 1.470402324289801
20002 110.82538868458039 -73.4546458125759 "" "" "" "" "" "" "" "" "" "" "" "" "" "" "" "" "" "" "" "" -99 0.3774000108242035 muse False False 1.0
20003 110.82694628458039 -73.45472571257591 "" "" "" "" "" "" "" "" "" "" "" "" "" "" "" "" "" "" "" "" -99 0.391400009393692 muse False False 1.3498012555447092
20004 110.8402724845804 -73.45591241257591 "" "" "" "" "" "" "" "" "" "" "" "" "" "" "" "" "" "" "" "" -99 0.3910999894142151 muse False False 1.2452632392378262
20005 110.8377425845804 -73.4562706125759 "" "" "" "" "" "" "" "" "" "" "" "" "" "" "" "" "" "" "" "" -99 0.38960000872612 muse False False 1.0248430902525314
20006 110.8539829845804 -73.4501502125759 "" "" "" "" "" "" "" "" "" "" "" "" "" "" "" "" "" "" "" "" -99 0.384799987077713 muse False False 1.0
20007 110.7946173689543 -73.44916191536561 "" "" "" "" "" "" "" "" "" "" "" "" "" "" "" "" "" "" "" "" -99 5.171 nirspec False False 8.875511605410448
20008 110.8265930845804 -73.45505771257591 "" "" "" "" "" "" "" "" "" "" "" "" "" "" "" "" "" "" "" "" -99 0.39149999618530273 muse False False 1.0598093845889085
